[Project1] 10672 1588161828.025974667 1588161828.790934663
[Project1] 10673 1588161829.556842342 1588161830.315014484
[Project1] 10674 1588161831.098738849 1588161831.855781391
[Project1] 10675 1588161832.632814045 1588161833.391736337
[Project1] 10676 1588161834.160596798 1588161834.919307304
[Project1] 10677 1588161835.699663583 1588161836.456798538
[Project1] 10678 1588161837.243330945 1588161838.000091655
[Project1] 10679 1588161838.891999442 1588161839.650050660
[Project1] 10680 1588161840.515056663 1588161841.269418186
[Project1] 10682 1588161842.155796536 1588161842.911924668
